# id	left	top	right	bottom	texture_id
[SPRITES]
#####  BIG ###############
#IDLE
101121	264	19	278	51	40
101111	50	19	65	51	41

#WALKING RIGHT
101222	280	18	297	51	40
101223	296	18	316	51	40

#WALKING LEFT
101212	32	18	49	51	41
101213	13	18	30	51	41

#RUNNING RIGHT
101321	151	18	168	52	40
101322	171	18	192	52	40
101323	193	18	212	52	40

#RUNNING LEFT
101311	159	18	177	52	41
101312	136	18	156	52	41
101313	116	18	135	52	41

#JUMP WALK RIGHT & LEFT
101417	111	18	128	51	40
101413	199	18	218	51	41

#JUMP RUN RIGHT & LEFT
101427	129	18	151	52	40
101423	178	18	199	52	41

#SIT RIGHT & LEFT 
101521	22	96	37	117	40
101511	290	96	306	117	41

#BRACE RIGHT & LEFT 
101621	169	89	188	122	40
101611	141	89	158	122	41

#DIE
103001	132	89	151	121	40

# ani_id	sprite1_id	time1	sprite2_id	time2	...
[ANIMATIONS]
3000	101121	100
3001	101111	100

#WALKING RIGHT & LEFT 
3100	101121	100	101222	100	101223	100
3101	101111	100	101212	100	101213	100

#RUNNING RIGHT & LEFT
2200	101321	50	101322	50	101323	50
2201	101311	50	101312	50	101313	50

#JUMP WALK
2300	101417	100
2301	101413	100

#JUMP RUN
2400	101427	100
2401	101423	100

#SIT RIGHT & LEFT 
2500	101521	100
2501	101511	100

#BRACE RIGHT & LEFT 
2600	101621	100
2601	101611	100

#DIE
9999	103001	100
