# id	left	top	right	bottom	texture_id
[SPRITES]
#Background
81000	0	0	993	690	100
#overworld mario
81001	657	20	702	71	1
81002	708	19	755	72	1
#tree
82000	18	67	65	113	90
82001	76	68	123	114	90
82002	136	67	181	113	90
82003	192	68	239	114	90
#####level####
#Start
82100	8	143	60	192	90
#Mushroom House
82101	248	67	301	117	90
#fortress
82102	154	0	205	49	90
#yellow point
82103	711	119	736	143	91
#castle
82104	196	81	250	154	91

#1
83001	120	142	170	189	90
#2
83002	174	142	225	189	90
#3
83003	229	143	278	189	90
#4
83004	290	142	339	188	90
#5
83005	350	143	399	189	90
#6
83005	408	142	458	187	90

####Road####
#horizontal
84000	675	224	724	235	91
# verticle
84001	721	163	732	214	91

# ani_id	sprite1_id	time1	sprite2_id	time2	...
[ANIMATIONS]
#tree
90106	82000	200	82002	200	82001	200	82003	200
#overworld mario
90105	81001	200	81002	200
